1395054001,5,1363774,49
1395057602,0,0,0
1395061202,0,0,0
1395064802,0,0,0
1395068404,0,0,0
1395072002,0,0,0
1395075604,0,0,0
1395079203,0,0,0
1395082802,0,0,0
1395086403,0,0,0
1395090001,0,0,0
1395093601,0,0,0
1395097202,0,0,0
1395100801,0,0,0
1395104402,0,0,0
1395108002,0,0,0
1395111603,0,0,0
1395115201,0,0,0
1395118803,0,0,0
1395122402,0,0,0
1395126003,0,0,0
1395129602,0,0,0
1395133202,0,0,0
1395136803,0,0,0
1395140402,0,0,0
1395144001,0,160416,15
1395147601,0,0,0
1395151201,0,0,0
1395158402,0,0,0
1395162002,0,0,0
1395165602,0,0,0
1395169202,0,0,0
1395172804,0,38650,2
1395176402,0,0,0
1395180002,0,0,0
1395183602,0,0,0
1395187202,0,0,0
1395190801,0,0,0
1395194402,0,0,0
1395198002,0,0,0
1395201604,0,0,0
1395205203,0,0,0
1395208801,0,0,0
1395212403,0,0,0
1395216002,0,0,0
1395219602,0,0,0
1395223205,0,0,0
1395226802,0,0,0
1395230402,0,0,0
1395234002,0,0,0
1395237601,0,0,0
1395241203,0,0,0
1395244801,0,0,0
1395248402,0,0,0
1395252003,0,0,0
1395255602,0,0,0
1395259201,0,0,0
1395262802,0,0,0
1395266402,0,0,0
1395270001,0,0,0
1395273602,0,0,0
1395277203,0,0,0
1395280802,0,0,0
1395284401,0,0,0
1395288003,0,0,0
1395291603,0,0,0
1395295201,0,0,0
1395298801,0,0,0
1395302402,0,0,0
1395306003,0,0,0
1395309602,0,0,0
1395313202,0,0,0
1395316802,0,0,0
1395320402,0,0,0
1395324002,0,0,0
1395327602,0,0,0
1395331202,0,0,0
1395334802,0,0,0
1395338403,0,0,0
1395342002,0,0,0
1395345602,0,0,0
1395349202,0,26448,1
1395352801,0,0,0
1395356401,0,0,0
1395360001,0,0,0
1395363602,0,0,0
1395367202,0,0,0
1395370801,0,0,0
1395374401,0,0,0
1395378003,0,0,0
1395381601,0,0,0
1395385202,0,0,0
1395388803,0,0,0
1395392403,0,0,0
1395396001,0,0,0
1395399602,0,0,0
1395403202,0,0,0
1395406802,0,0,0
1395410402,0,0,0
1395414002,0,0,0
1395417601,0,0,0
1395421202,0,0,0
1395424803,0,0,0
1395428402,0,0,0
1395432002,0,0,0
1395435602,0,0,0
1395439202,0,0,0
1395442802,0,0,0
1395446402,0,0,0
1395450001,0,0,0
1395453602,0,0,0
1395457202,0,0,0
1395460802,0,0,0
1395464403,0,0,0
1395468002,0,0,0
1395471601,0,0,0
1395475203,0,0,0
1395478802,0,0,0
1395482401,0,0,0
1395486002,0,0,0
1395489602,0,0,0
1395493202,0,0,0
1395496801,0,0,0
1395500401,0,0,0
1395504004,0,0,0
1395507603,0,0,0
1395511202,0,52912,2
1395514801,0,0,0
1395518401,0,0,0
1395522002,0,0,0
1395525602,0,0,0
1395529203,0,0,0
1395532802,0,0,0
1395536402,0,0,0
1395540003,0,0,0
1395543602,0,0,0
1395547202,0,0,0
1395550803,0,0,0
1395554401,0,0,0
1395558002,0,0,0
1395561601,0,0,0
1395565202,0,0,0
1395568805,0,0,0
1395572401,0,0,0
1395576002,0,0,0
1395579602,0,0,0
1395583202,0,0,0
1395586803,0,0,0
1395590403,0,0,0
1395594003,0,0,0
1395597602,0,0,0
1395601203,0,0,0
1395604802,0,0,0
1395608403,0,0,0
1395612001,0,0,0
1395615602,0,0,0
1395619202,0,0,0
1395622802,0,0,0
1395626402,0,0,0
1395630002,0,0,0
1395633602,0,0,0
1395637203,0,0,0
1395640801,0,0,0
1395644402,0,20952,2
1395648003,0,0,0
1395651603,0,0,0
1395655202,0,0,0
1395658802,0,0,0
1395662402,0,0,0
1395666002,0,0,0
1395669602,0,0,0
1395673202,0,0,0
1395676802,0,0,0
1395680403,0,0,0
1395684001,0,0,0
1395687601,0,0,0
1395691203,0,0,0
1395694801,0,0,0
1395698402,0,0,0
1395702001,0,0,0
1395705602,0,0,0
1395709201,0,0,0
1395712802,0,0,0
1395716402,0,0,0
1395720001,0,0,0
1395723601,0,0,0
1395727203,0,0,0
1395730804,0,0,0
1395734403,0,0,0
1395738002,0,0,0
1395741602,0,0,0
1395745203,0,0,0
1395748801,0,0,0
1395752402,0,0,0
1395756002,0,0,0
1395759602,0,0,0
1395763202,0,0,0
1395766802,0,0,0
1395770402,0,0,0
1395774004,0,0,0
1395777602,0,0,0
1395781202,0,0,0
1395784805,0,0,0
1395788402,0,0,0
1395792002,0,0,0
1395795602,0,0,0
1395799202,0,0,0
1395802801,0,0,0
1395806401,0,0,0
1395810002,0,0,0
1395813603,0,0,0
1395817202,0,0,0
1395820803,0,0,0
1395824403,0,0,0
1395828001,0,0,0
1395831602,0,0,0
1395835203,0,0,0
1395838802,0,0,0
1395842402,0,0,0
1395846003,0,0,0
1395849605,0,0,0
1395853201,0,0,0
1395856802,0,0,0
1395860402,0,0,0
1395864003,0,0,0
1395867603,0,0,0
1395871201,0,0,0
1395874802,0,0,0
1395878401,0,0,0
1395882003,0,0,0
1395885602,0,0,0
1395889203,0,0,0
1395892801,0,0,0
1395896403,0,0,0
1395900002,0,0,0
1395903603,0,0,0
1395907202,0,0,0
1395910802,0,0,0
1395914401,0,0,0
1395918002,0,0,0
1395921602,0,0,0
1395925201,0,0,0
1395928802,0,0,0
1395932402,0,0,0
1395936002,0,0,0
1395939602,0,0,0
1395943202,0,0,0
1395946803,0,0,0
1395950402,0,0,0
1395954003,0,0,0
1395957604,0,0,0
1395961202,0,0,0
1395964801,0,0,0
1395968402,0,0,0
1395972002,0,0,0
1395975601,0,0,0
1395979204,0,0,0
1395982803,0,0,0
1395986401,0,0,0
1395990003,0,0,0
1395993602,0,0,0
1395997202,0,0,0
1396000802,0,0,0
1396004402,0,0,0
1396008002,0,0,0
1396011601,0,0,0
1396015202,0,0,0
1396018802,0,0,0
1396022402,0,0,0
1396026002,0,0,0
1396029604,0,0,0
1396033202,0,0,0
1396036801,0,0,0
1396040402,0,0,0
1396044003,0,0,0
1396047602,0,0,0
1396051202,0,0,0
1396054802,0,0,0
1396058401,0,0,0
1396062002,0,0,0
1396065602,0,0,0
1396069203,0,0,0
1396072801,0,0,0
1396076402,0,0,0
1396080001,0,0,0
1396083601,0,0,0
1396087201,0,0,0
1396090802,0,0,0
1396094405,0,0,0
1396098003,0,0,0
1396101601,0,0,0
1396105202,0,0,0
1396108801,0,0,0
1396112402,0,0,0
1396116002,0,0,0
1396119601,0,0,0
1396123201,0,0,0
1396126802,0,0,0
1396130401,0,0,0
1396134002,0,0,0
1396137601,0,0,0
1396141203,0,0,0
1396144802,0,0,0
1396148401,0,0,0
1396152001,0,0,0
1396155605,0,0,0
1396159202,0,0,0
1396162802,0,0,0
1396166402,0,0,0
1396170003,0,0,0
1396173601,0,0,0
1396177202,0,0,0
1396180802,0,0,0
1396184402,0,0,0
1396188002,0,0,0
1396191603,0,0,0
1396195204,0,0,0
1396198802,0,0,0
1396202402,0,0,0
1396206002,0,0,0
1396209601,0,0,0
1396213203,0,0,0
1396216801,0,0,0
1396220402,0,0,0
1396224002,0,0,0
1396227602,0,0,0
1396231202,0,0,0
1396234803,0,0,0
1396238403,0,0,0
1396242005,0,0,0
1396245602,0,0,0
1396249201,0,0,0
1396252803,0,0,0
1396256401,0,0,0
1396260003,0,0,0
1396263603,0,0,0
1396267202,0,0,0
1396270802,0,0,0
1396274402,0,0,0
1396278003,0,0,0
1396281602,0,0,0
1396285203,0,0,0
1396288802,0,0,0
1396292402,0,0,0
1396296003,0,0,0
1396299602,0,0,0
1396303202,0,0,0
1396306803,0,0,0
1396310404,0,0,0
1396314002,0,0,0
1396317602,0,0,0
1396321201,0,0,0
1396324801,0,0,0
1396328403,0,0,0
1396332001,0,0,0
1396335603,0,0,0
1396339201,0,0,0
1396342803,0,0,0
1396346402,0,0,0
1396350002,0,0,0
1396353602,0,0,0
1396357204,0,0,0
1396360802,0,0,0
1396364403,0,0,0
1396368010,0,0,0
1396371602,0,0,0
1396375202,0,0,0
1396378803,0,0,0
1396382404,0,0,0
1396386003,0,0,0
1396389604,0,0,0
1396393202,0,0,0
1396396802,0,0,0
1396400402,0,0,0
1396404002,0,0,0
1396407602,0,0,0
1396411203,0,0,0
1396414806,0,0,0
1396418403,0,0,0
1396422002,0,0,0
1396425602,0,0,0
1396429204,0,0,0
1396432802,0,0,0
1396436402,0,0,0
1396440001,0,0,0
1396443604,0,0,0
1396447203,0,0,0
1396450803,0,0,0
1396454404,0,0,0
1396458003,0,0,0
1396461602,0,0,0
1396465202,0,0,0
1396468804,0,0,0
1396472402,0,0,0
1396476002,0,0,0
1396479602,0,0,0
1396483202,0,0,0
1396486803,0,0,0
1396490401,0,0,0
1396494001,0,0,0
1396497603,0,0,0
1396501204,0,0,0
1396504802,0,0,0
1396512004,0,0,0
1396515603,0,0,0
1396519201,0,0,0
1396522804,0,0,0
1396526402,0,0,0
1396530003,0,0,0
1396533603,0,0,0
1396537202,0,0,0
1396540804,0,0,0
1396544403,0,0,0
1396548003,0,0,0
1396551603,0,0,0
1396555204,0,0,0
1396558802,0,0,0
1396562402,0,0,0
1396566003,0,0,0
1396569603,0,0,0
1396573202,0,0,0
1396576803,0,0,0
1396584005,0,0,0
1396587604,0,0,0
1396591202,0,0,0
1396594804,0,0,0
1396598403,0,0,0
1396602002,0,0,0
1396605604,0,0,0
1396609204,0,0,0
1396612802,0,0,0
1396616403,0,0,0
1396620004,0,0,0
1396623602,0,0,0
1396627204,0,0,0
1396630803,0,0,0
1396634402,0,0,0
1396638003,0,0,0
1396641602,0,0,0
1396645202,0,0,0
1396648802,0,0,0
1396652402,0,0,0
1396656002,0,0,0
1396659602,0,0,0
1396663203,0,0,0
1396666801,0,0,0
1396670403,0,0,0
1396674003,0,0,0
1396677602,0,0,0
1396681201,0,0,0
1396684803,0,0,0
1396688402,0,0,0
1396692004,0,0,0
1396695601,0,0,0
1396699203,0,0,0
1396702802,0,0,0
1396706405,0,0,0
1396710002,0,0,0
1396713604,0,0,0
1396717202,0,0,0
1396720803,0,0,0
1396724402,0,0,0
1396728002,0,0,0
1396731602,0,0,0
1396735205,0,0,0
1396738803,0,0,0
1396742402,0,0,0
1396746002,0,0,0
1396749601,0,0,0
1396753202,0,0,0
1396756804,0,0,0
1396760401,0,0,0
1396764003,0,0,0
1396767602,0,0,0
1396771202,0,0,0
1396774801,0,0,0
1396778404,0,0,0
1396782004,0,0,0
1396785601,0,0,0
1396789203,0,0,0
1396792803,0,0,0
1396796402,0,0,0
1396800003,0,0,0
1396803604,0,0,0
1396807203,0,0,0
1396810803,0,0,0
1396814403,0,0,0
1396818005,0,0,0
1396821605,0,0,0
1396825202,0,0,0
1396828802,0,0,0
1396832402,0,0,0
1396836001,0,0,0
1396839603,0,0,0
1396843203,0,0,0
1396846804,0,0,0
1396850402,0,0,0
1396854002,0,0,0
1396857603,0,0,0
1396861203,0,0,0
1396864802,0,0,0
1396868403,0,0,0
1396872001,0,0,0
1396875601,0,0,0
1396879202,0,0,0
1396882802,0,0,0
1396886402,0,0,0
1396890003,0,0,0
1396893603,0,0,0
1396897203,0,0,0
1396900803,0,0,0
1396904402,0,0,0
1396908005,0,0,0
1396911602,0,0,0
1396915202,0,0,0
1396918804,0,0,0
1396922402,0,0,0
1396926002,0,0,0
1396929604,0,0,0
1396933204,0,0,0
1396936803,0,0,0
1396940402,0,0,0
1396944003,0,0,0
1396947604,0,0,0
1396951204,0,0,0
1396954802,0,0,0
1396958401,0,0,0
1396962001,0,0,0
1396965603,0,0,0
1396969204,0,0,0
1396972804,0,0,0
1396976402,0,0,0
1396980002,0,0,0
1396983601,0,0,0
1396987202,0,0,0
1396990802,0,0,0
1396994401,0,0,0
1396998002,0,0,0
1397001602,0,0,0
1397005203,0,0,0
1397008803,0,0,0
1397012403,0,0,0
1397016003,0,0,0
1397019603,0,0,0
1397023202,0,0,0
1397026803,0,0,0
1397030402,0,0,0
1397034003,0,0,0
1397037601,0,0,0
1397041202,0,0,0
1397044803,0,0,0
1397048401,0,0,0
1397052003,0,0,0
1397055605,0,0,0
1397059203,0,0,0
1397062802,0,0,0
1397066402,0,0,0
1397070002,0,0,0
1397073601,0,0,0
1397077203,0,0,0
1397080802,0,0,0
1397084404,0,0,0
1397088002,0,0,0
1397091601,0,0,0
1397095202,0,0,0
1397098802,0,0,0
1397102403,0,0,0
1397106005,0,0,0
1397109604,0,0,0
1397113203,0,0,0
1397116802,0,0,0
1397120402,0,0,0
1397124003,0,0,0
1397127602,0,0,0
1397131202,0,0,0
1397134804,0,0,0
1397138402,0,0,0
1397142004,0,0,0
1397145603,0,0,0
1397149204,0,0,0
1397152802,0,0,0
1397156402,0,0,0
1397160003,0,0,0
1397163603,0,0,0
1397167201,0,0,0
1397170803,0,0,0
1397174401,0,0,0
1397178002,0,0,0
1397181603,0,0,0
1397185202,0,0,0
1397188804,0,0,0
1397192403,0,0,0
1397196002,0,0,0
1397199604,0,0,0
1397203201,0,0,0
1397206803,0,0,0
1397210402,0,0,0
1397214003,0,0,0
1397217604,0,0,0
1397221202,0,0,0
1397224803,0,0,0
1397228402,0,0,0
1397232002,0,0,0
1397235604,0,0,0
1397239202,0,0,0
1397242801,0,0,0
1397246402,0,0,0
1397250002,0,0,0
1397253602,0,0,0
1397257202,0,0,0
1397260802,0,0,0
1397264402,0,0,0
1397268003,0,0,0
1397271602,0,0,0
1397275203,0,0,0
1397278804,0,0,0
1397282401,0,0,0
1397286002,0,0,0
1397289601,0,0,0
1397293202,0,0,0
1397296801,0,0,0
1397300402,0,0,0
1397304001,0,0,0
1397307602,0,0,0
1397311202,0,0,0
1397314802,0,0,0
1397318402,0,0,0
1397322003,0,0,0
1397325603,0,0,0
1397329203,0,0,0
1397332803,0,0,0
1397336403,0,0,0
1397340002,0,0,0
1397343602,0,0,0
1397347201,0,0,0
1397350803,0,0,0
1397354402,0,0,0
1397358003,0,0,0
1397361605,0,0,0
1397365203,0,0,0
1397368804,0,0,0
1397372403,0,0,0
1397376002,0,0,0
1397379603,0,0,0
1397383202,0,0,0
1397386803,0,0,0
1397390402,0,0,0
1397394001,0,0,0
1397397603,0,0,0
1397401201,0,0,0
1397404803,0,0,0
1397408404,0,0,0
1397412002,0,0,0
1397415604,0,0,0
1397419202,0,0,0
1397422802,0,0,0
1397426403,0,0,0
1397430003,0,0,0
